[[ 1.41421356  0.          0.          0.          0.          0.        ]
 [-0.70710678  1.87082869  0.          0.          0.          0.        ]
 [ 0.         -0.53452248  1.92724822  0.          0.          0.        ]
 [ 0.          0.          0.          1.41421356  0.          0.        ]
 [ 0.         -0.53452248 -0.14824986 -0.70710678  1.78670302  0.        ]
 [ 0.          0.         -0.51887452  0.         -0.60274319  1.83506672]]
------------Ax=b----------


----- LU decomposition----

Time Taken 0.0006762519999998773
The solution for Ax = b is 
[-1.21347645  0.07304711  0.92486583 -0.70960048 -0.08586762  0.62641622]
With error 
 [ 0.00000000e+00 -1.11022302e-16  0.00000000e+00  0.00000000e+00
  0.00000000e+00 -2.22044605e-16]

-----2. Jacobi iteration ----

Time Taken 0.009571882000000365
The solution for Ax = b is [-1.21330669  0.07324104  0.92500801 -0.70944415 -0.08565703  0.62654715] after [1, 2, 3, 4, 5, 6, 7, 8, 9, 10, 11, 12, 13, 14, 15, 16, 17, 18] iterations
With error 
 [0.00014557 0.00025321 0.00024385 0.00010205 0.00036119 0.00017095]

-----3. Gauss-seidal iteration ----

Time Taken 0.006011999000000046
The solution for Ax = b is [-1.21348892  0.07303751  0.92486181 -0.70960821 -0.08587357  0.62641373] after [1.7009993265040881, 0.2745428601365079, 0.12652893275364102, 0.0620547914308162, 0.024413893938827827, 0.009414783542365026, 0.0036235758901080424, 0.001394311600828404, 0.0005364948047411059, 0.00020642769440804901, 7.942728565434158e-05, 3.0561265359615874e-05] iterations
With error 
 [-1.53459782e-05 -1.59457192e-05 -3.98642980e-06 -9.51908866e-06
 -3.98642980e-06 -2.22044605e-16]

-----4. Conjugate gradient iteration ----

Time Taken 0.0015105239999999576
The solution for Ax = b is [-1.21347645  0.07304711  0.92486583 -0.70960048 -0.08586762  0.62641622] after [0, 1, 2, 3, 4, 5] iterations
With error 
 [ 0.00000000e+00 -5.55111512e-16  8.88178420e-16  2.22044605e-16
  3.88578059e-16 -4.44089210e-16]

------------Inverse of A----------


-----1. Gauss Seidal----

The inverse of the matrix is 
 [[0.58675802 0.17351603 0.05008605 0.02862002 0.05724005 0.02683152]
 [0.17352103 0.34704206 0.10017628 0.05724314 0.11448629 0.05366564]
 [0.05008814 0.10017628 0.29695776 0.02683282 0.05366564 0.08765585]
 [0.02862002 0.05724005 0.02683152 0.58676051 0.17352103 0.05008814]
 [0.05724314 0.11448629 0.05366564 0.17352295 0.3470459  0.10017788]
 [0.02683282 0.05366564 0.08765585 0.05008894 0.10017788 0.29695843]]
Inverse time 0.022796445

-----2. Jacobi----

The inverse of the matrix is 
 [[0.58690856 0.17367695 0.05024038 0.02877943 0.05738497 0.02699328]
 [0.17371879 0.34722185 0.10037696 0.05742681 0.11467972 0.05385451]
 [0.05021214 0.10030687 0.29708527 0.02696504 0.05378443 0.08779025]
 [0.02877943 0.05738497 0.02699328 0.58690856 0.17367695 0.05024038]
 [0.05742681 0.11467972 0.05385451 0.17371879 0.34722185 0.10037696]
 [0.02696504 0.05378443 0.08779025 0.05021214 0.10030687 0.29708527]]
Inverse time 0.024519898999999956

-----3. Conjugate Gradient----

The inverse of the matrix is 
 [[0.58676208 0.17352415 0.05008945 0.02862254 0.05724508 0.02683363]
 [0.17352415 0.3470483  0.10017889 0.05724508 0.11449016 0.05366726]
 [0.05008945 0.10017889 0.29695886 0.02683363 0.05366726 0.08765653]
 [0.02862254 0.05724508 0.02683363 0.58676208 0.17352415 0.05008945]
 [0.05724508 0.11449016 0.05366726 0.17352415 0.3470483  0.10017889]
 [0.02683363 0.05366726 0.08765653 0.05008945 0.10017889 0.29695886]]
Inverse time 0.00555097800000004
